[{'faultLineContent': ['    public RectangularCholeskyDecomposition(RealMatrix matrix, double small)\n', '        throws NonPositiveDefiniteMatrixException {\n', '\n', '        final int order = matrix.getRowDimension();\n', '        final double[][] c = matrix.getData();\n', '        final double[][] b = new double[order][order];\n', '\n', '        int[] swap  = new int[order];\n', '        int[] index = new int[order];\n', '        for (int i = 0; i < order; ++i) {\n', '            index[i] = i;\n', '        }\n', '\n', '        int r = 0;\n', '        for (boolean loop = true; loop;) {\n', '\n', '            // find maximal diagonal element\n', '            swap[r] = r;\n', '            for (int i = r + 1; i < order; ++i) {\n', '                int ii  = index[i];\n', '                int isi = index[swap[i]];\n', '                if (c[ii][ii] > c[isi][isi]) {\n', '                    swap[r] = i;\n', '                }\n', '            }\n', '\n', '\n', '            // swap elements\n', '            if (swap[r] != r) {\n', '                int tmp = index[r];\n', '                index[r] = index[swap[r]];\n', '                index[swap[r]] = tmp;\n', '            }\n', '\n', '            // check diagonal element\n', '            int ir = index[r];\n', '            if (c[ir][ir] < small) {\n', '\n', '                if (r == 0) {\n', '                    throw new NonPositiveDefiniteMatrixException(c[ir][ir], ir, small);\n', '                }\n', '\n', '                // check remaining diagonal elements\n', '                for (int i = r; i < order; ++i) {\n', '                    if (c[index[i]][index[i]] < -small) {\n', '                        // there is at least one sufficiently negative diagonal element,\n', '                        // the symmetric positive semidefinite matrix is wrong\n', '                        throw new NonPositiveDefiniteMatrixException(c[index[i]][index[i]], i, small);\n', '                    }\n', '                }\n', '\n', '                // all remaining diagonal elements are close to zero, we consider we have\n', '                // found the rank of the symmetric positive semidefinite matrix\n', '                ++r;\n', '                loop = false;\n', '\n', '            } else {\n', '\n', '                // transform the matrix\n', '                final double sqrt = FastMath.sqrt(c[ir][ir]);\n', '                b[r][r] = sqrt;\n', '                final double inverse  = 1 / sqrt;\n', '                for (int i = r + 1; i < order; ++i) {\n', '                    final int ii = index[i];\n', '                    final double e = inverse * c[ii][ir];\n', '                    b[i][r] = e;\n', '                    c[ii][ii] -= e * e;\n', '                    for (int j = r + 1; j < i; ++j) {\n', '                        final int ij = index[j];\n', '                        final double f = c[ii][ij] - e * b[j][r];\n', '                        c[ii][ij] = f;\n', '                        c[ij][ii] = f;\n', '                    }\n', '                }\n', '\n', '                // prepare next iteration\n', '                loop = ++r < order;\n', '            }\n', '        }\n', '\n', '        // build the root matrix\n', '        rank = r;\n', '        root = MatrixUtils.createRealMatrix(order, r);\n', '        for (int i = 0; i < order; ++i) {\n', '            for (int j = 0; j < r; ++j) {\n', '                root.setEntry(index[i], j, b[i][j]);\n'], 'faultLineNumbers': [62, 63, 64, 65, 66, 67, 68, 69, 70, 71, 72, 73, 74, 75, 76, 77, 78, 79, 80, 81, 82, 83, 84, 85, 86, 87, 88, 89, 90, 91, 92, 93, 94, 95, 96, 97, 98, 99, 100, 101, 102, 103, 104, 105, 106, 107, 108, 109, 110, 111, 112, 113, 114, 115, 116, 117, 118, 119, 120, 121, 122, 123, 124, 125, 126, 127, 128, 129, 130, 131, 132, 133, 134, 135, 136, 137, 138, 139, 140, 141, 142, 143, 144, 145, 146, 147], 'relatedFaultStatementList': [7, 17, 20, 21, 22, 28, 29, 30, 31, 66], 'staticFaultStatementList': [69, 79, 82, 83, 84, 90, 91, 92, 93, 128], 'commentList': ['/*\n', ' * Licensed to the Apache Software Foundation (ASF) under one or more\n', ' * contributor license agreements.  See the NOTICE file distributed with\n', ' * this work for additional information regarding copyright ownership.\n', ' * The ASF licenses this file to You under the Apache License, Version 2.0\n', ' * (the "License"); you may not use this file except in compliance with\n', ' * the License.  You may obtain a copy of the License at\n', ' *\n', ' *      http://www.apache.org/licenses/LICENSE-2.0\n', ' *\n', ' * Unless required by applicable law or agreed to in writing, software\n', ' * distributed under the License is distributed on an "AS IS" BASIS,\n', ' * WITHOUT WARRANTIES OR CONDITIONS OF ANY KIND, either express or implied.\n', ' * See the License for the specific language governing permissions and\n', ' * limitations under the License.\n', ' */\n', '/**\n', ' * Calculates the rectangular Cholesky decomposition of a matrix.\n', ' * <p>The rectangular Cholesky decomposition of a real symmetric positive\n', ' * semidefinite matrix A consists of a rectangular matrix B with the same\n', ' * number of rows such that: A is almost equal to BB<sup>T</sup>, depending\n', ' * on a user-defined tolerance. In a sense, this is the square root of A.</p>\n', ' * <p>The difference with respect to the regular {@link CholeskyDecomposition}\n', ' * is that rows/columns may be permuted (hence the rectangular shape instead\n', ' * of the traditional triangular shape) and there is a threshold to ignore\n', ' * small diagonal elements. This is used for example to generate {@link\n', ' * org.apache.commons.math3.random.CorrelatedRandomVectorGenerator correlated\n', ' * random n-dimensions vectors} in a p-dimension subspace (p < n).\n', ' * In other words, it allows generating random vectors from a covariance\n', ' * matrix that is only positive semidefinite, and not positive definite.</p>\n', ' * <p>Rectangular Cholesky decomposition is <em>not</em> suited for solving\n', ' * linear systems, so it does not provide any {@link DecompositionSolver\n', ' * decomposition solver}.</p>\n', ' *\n', ' * @see <a href="http://mathworld.wolfram.com/CholeskyDecomposition.html">MathWorld</a>\n', ' * @see <a href="http://en.wikipedia.org/wiki/Cholesky_decomposition">Wikipedia</a>\n', ' * @version $Id$\n', ' * @since 2.0 (changed to concrete class in 3.0)\n', ' */\n', '    /** Permutated Cholesky root of the symmetric positive semidefinite matrix. */\n', '    /** Rank of the symmetric positive semidefinite matrix. */\n', '    /**\n', '     * Decompose a symmetric positive semidefinite matrix.\n', '     *\n', '     * @param matrix Symmetric positive semidefinite matrix.\n', '     * @param small Diagonal elements threshold under which  column are\n', '     * considered to be dependent on previous ones and are discarded.\n', '     * @exception NonPositiveDefiniteMatrixException if the matrix is not\n', '     * positive semidefinite.\n', '     */\n'], 'errorLogContent': [['--- org.apache.commons.math3.linear.RectangularCholeskyDecompositionTest::testMath789\n', 'junit.framework.AssertionFailedError: expected:<0.0> but was:<0.0180652917341963>\n', '\tat org.junit.Assert.fail(Assert.java:88)\n', '\tat org.junit.Assert.failNotEquals(Assert.java:743)\n', '\tat org.junit.Assert.assertEquals(Assert.java:494)\n', '\tat org.junit.Assert.assertEquals(Assert.java:592)\n', '\tat org.apache.commons.math3.linear.RectangularCholeskyDecompositionTest.testMath789(RectangularCholeskyDecompositionTest.java:108)\n', '\tat sun.reflect.NativeMethodAccessorImpl.invoke0(Native Method)\n', '\tat sun.reflect.NativeMethodAccessorImpl.invoke(NativeMethodAccessorImpl.java:62)\n', '\tat sun.reflect.DelegatingMethodAccessorImpl.invoke(DelegatingMethodAccessorImpl.java:43)\n', '\tat java.lang.reflect.Method.invoke(Method.java:498)\n', '\tat org.junit.runners.model.FrameworkMethod$1.runReflectiveCall(FrameworkMethod.java:47)\n', '\tat org.junit.internal.runners.model.ReflectiveCallable.run(ReflectiveCallable.java:12)\n', '\tat org.junit.runners.model.FrameworkMethod.invokeExplosively(FrameworkMethod.java:44)\n', '\tat org.junit.internal.runners.statements.InvokeMethod.evaluate(InvokeMethod.java:17)\n', '\tat org.junit.runners.ParentRunner.runLeaf(ParentRunner.java:271)\n', '\tat org.junit.runners.BlockJUnit4ClassRunner.runChild(BlockJUnit4ClassRunner.java:70)\n', '\tat org.junit.runners.BlockJUnit4ClassRunner.runChild(BlockJUnit4ClassRunner.java:50)\n', '\tat org.junit.runners.ParentRunner$3.run(ParentRunner.java:238)\n', '\tat org.junit.runners.ParentRunner$1.schedule(ParentRunner.java:63)\n', '\tat org.junit.runners.ParentRunner.runChildren(ParentRunner.java:236)\n', '\tat org.junit.runners.ParentRunner.access$000(ParentRunner.java:53)\n', '\tat org.junit.runners.ParentRunner$2.evaluate(ParentRunner.java:229)\n', '\tat org.junit.runners.ParentRunner.run(ParentRunner.java:309)\n', '\tat junit.framework.JUnit4TestAdapter.run(JUnit4TestAdapter.java:38)\n', '\tat org.apache.tools.ant.taskdefs.optional.junit.JUnitTestRunner.run(JUnitTestRunner.java:520)\n', '\tat org.apache.tools.ant.taskdefs.optional.junit.JUnitTask.executeInVM(JUnitTask.java:1484)\n', '\tat org.apache.tools.ant.taskdefs.optional.junit.JUnitTask.execute(JUnitTask.java:872)\n', '\tat org.apache.tools.ant.taskdefs.optional.junit.JUnitTask.executeOrQueue(JUnitTask.java:1972)\n', '\tat org.apache.tools.ant.taskdefs.optional.junit.JUnitTask.execute1(JUnitTask.java:824)\n', '\tat org.apache.tools.ant.taskdefs.optional.junit.JUnitTask.execute(JUnitTask.java:2277)\n', '\tat org.apache.tools.ant.UnknownElement.execute(UnknownElement.java:291)\n', '\tat sun.reflect.GeneratedMethodAccessor4.invoke(Unknown Source)\n', '\tat sun.reflect.DelegatingMethodAccessorImpl.invoke(DelegatingMethodAccessorImpl.java:43)\n', '\tat java.lang.reflect.Method.invoke(Method.java:498)\n', '\tat org.apache.tools.ant.dispatch.DispatchUtils.execute(DispatchUtils.java:106)\n', '\tat org.apache.tools.ant.Task.perform(Task.java:348)\n', '\tat org.apache.tools.ant.Target.execute(Target.java:392)\n', '\tat org.apache.tools.ant.Target.performTasks(Target.java:413)\n', '\tat org.apache.tools.ant.Project.executeSortedTargets(Project.java:1399)\n', '\tat org.apache.tools.ant.Project.executeTarget(Project.java:1368)\n', '\tat org.apache.tools.ant.helper.DefaultExecutor.executeTargets(DefaultExecutor.java:41)\n', '\tat org.apache.tools.ant.Project.executeTargets(Project.java:1251)\n', '\tat org.apache.tools.ant.Main.runBuild(Main.java:811)\n', '\tat org.apache.tools.ant.Main.startAnt(Main.java:217)\n', '\tat org.apache.tools.ant.launch.Launcher.run(Launcher.java:280)\n', '\tat org.apache.tools.ant.launch.Launcher.main(Launcher.java:109)\n', '--- org.apache.commons.math3.linear.RectangularCholeskyDecompositionTest::testFullRank\n', 'junit.framework.AssertionFailedError\n', '\tat org.junit.Assert.fail(Assert.java:86)\n', '\tat org.junit.Assert.assertTrue(Assert.java:41)\n', '\tat org.junit.Assert.assertTrue(Assert.java:52)\n', '\tat org.apache.commons.math3.linear.RectangularCholeskyDecompositionTest.testFullRank(RectangularCholeskyDecompositionTest.java:71)\n', '\tat sun.reflect.NativeMethodAccessorImpl.invoke0(Native Method)\n', '\tat sun.reflect.NativeMethodAccessorImpl.invoke(NativeMethodAccessorImpl.java:62)\n', '\tat sun.reflect.DelegatingMethodAccessorImpl.invoke(DelegatingMethodAccessorImpl.java:43)\n', '\tat java.lang.reflect.Method.invoke(Method.java:498)\n', '\tat org.junit.runners.model.FrameworkMethod$1.runReflectiveCall(FrameworkMethod.java:47)\n', '\tat org.junit.internal.runners.model.ReflectiveCallable.run(ReflectiveCallable.java:12)\n', '\tat org.junit.runners.model.FrameworkMethod.invokeExplosively(FrameworkMethod.java:44)\n', '\tat org.junit.internal.runners.statements.InvokeMethod.evaluate(InvokeMethod.java:17)\n', '\tat org.junit.runners.ParentRunner.runLeaf(ParentRunner.java:271)\n', '\tat org.junit.runners.BlockJUnit4ClassRunner.runChild(BlockJUnit4ClassRunner.java:70)\n', '\tat org.junit.runners.BlockJUnit4ClassRunner.runChild(BlockJUnit4ClassRunner.java:50)\n', '\tat org.junit.runners.ParentRunner$3.run(ParentRunner.java:238)\n', '\tat org.junit.runners.ParentRunner$1.schedule(ParentRunner.java:63)\n', '\tat org.junit.runners.ParentRunner.runChildren(ParentRunner.java:236)\n', '\tat org.junit.runners.ParentRunner.access$000(ParentRunner.java:53)\n', '\tat org.junit.runners.ParentRunner$2.evaluate(ParentRunner.java:229)\n', '\tat org.junit.runners.ParentRunner.run(ParentRunner.java:309)\n', '\tat junit.framework.JUnit4TestAdapter.run(JUnit4TestAdapter.java:38)\n', '\tat org.apache.tools.ant.taskdefs.optional.junit.JUnitTestRunner.run(JUnitTestRunner.java:520)\n', '\tat org.apache.tools.ant.taskdefs.optional.junit.JUnitTask.executeInVM(JUnitTask.java:1484)\n', '\tat org.apache.tools.ant.taskdefs.optional.junit.JUnitTask.execute(JUnitTask.java:872)\n', '\tat org.apache.tools.ant.taskdefs.optional.junit.JUnitTask.executeOrQueue(JUnitTask.java:1972)\n', '\tat org.apache.tools.ant.taskdefs.optional.junit.JUnitTask.execute1(JUnitTask.java:824)\n', '\tat org.apache.tools.ant.taskdefs.optional.junit.JUnitTask.execute(JUnitTask.java:2277)\n', '\tat org.apache.tools.ant.UnknownElement.execute(UnknownElement.java:291)\n', '\tat sun.reflect.GeneratedMethodAccessor4.invoke(Unknown Source)\n', '\tat sun.reflect.DelegatingMethodAccessorImpl.invoke(DelegatingMethodAccessorImpl.java:43)\n', '\tat java.lang.reflect.Method.invoke(Method.java:498)\n', '\tat org.apache.tools.ant.dispatch.DispatchUtils.execute(DispatchUtils.java:106)\n', '\tat org.apache.tools.ant.Task.perform(Task.java:348)\n', '\tat org.apache.tools.ant.Target.execute(Target.java:392)\n', '\tat org.apache.tools.ant.Target.performTasks(Target.java:413)\n', '\tat org.apache.tools.ant.Project.executeSortedTargets(Project.java:1399)\n', '\tat org.apache.tools.ant.Project.executeTarget(Project.java:1368)\n', '\tat org.apache.tools.ant.helper.DefaultExecutor.executeTargets(DefaultExecutor.java:41)\n', '\tat org.apache.tools.ant.Project.executeTargets(Project.java:1251)\n', '\tat org.apache.tools.ant.Main.runBuild(Main.java:811)\n', '\tat org.apache.tools.ant.Main.startAnt(Main.java:217)\n', '\tat org.apache.tools.ant.launch.Launcher.run(Launcher.java:280)\n', '\tat org.apache.tools.ant.launch.Launcher.main(Launcher.java:109)\n'], ['--- org.apache.commons.math3.linear.RectangularCholeskyDecompositionTest::testFullRank\n', 'junit.framework.AssertionFailedError\n', '\tat org.junit.Assert.fail(Assert.java:86)\n', '\tat org.junit.Assert.assertTrue(Assert.java:41)\n', '\tat org.junit.Assert.assertTrue(Assert.java:52)\n', '\tat org.apache.commons.math3.linear.RectangularCholeskyDecompositionTest.testFullRank(RectangularCholeskyDecompositionTest.java:71)\n', '\tat sun.reflect.NativeMethodAccessorImpl.invoke0(Native Method)\n', '\tat sun.reflect.NativeMethodAccessorImpl.invoke(NativeMethodAccessorImpl.java:62)\n', '\tat sun.reflect.DelegatingMethodAccessorImpl.invoke(DelegatingMethodAccessorImpl.java:43)\n', '\tat java.lang.reflect.Method.invoke(Method.java:498)\n', '\tat org.junit.runners.model.FrameworkMethod$1.runReflectiveCall(FrameworkMethod.java:47)\n', '\tat org.junit.internal.runners.model.ReflectiveCallable.run(ReflectiveCallable.java:12)\n', '\tat org.junit.runners.model.FrameworkMethod.invokeExplosively(FrameworkMethod.java:44)\n', '\tat org.junit.internal.runners.statements.InvokeMethod.evaluate(InvokeMethod.java:17)\n', '\tat org.junit.runners.ParentRunner.runLeaf(ParentRunner.java:271)\n', '\tat org.junit.runners.BlockJUnit4ClassRunner.runChild(BlockJUnit4ClassRunner.java:70)\n', '\tat org.junit.runners.BlockJUnit4ClassRunner.runChild(BlockJUnit4ClassRunner.java:50)\n', '\tat org.junit.runners.ParentRunner$3.run(ParentRunner.java:238)\n', '\tat org.junit.runners.ParentRunner$1.schedule(ParentRunner.java:63)\n', '\tat org.junit.runners.ParentRunner.runChildren(ParentRunner.java:236)\n', '\tat org.junit.runners.ParentRunner.access$000(ParentRunner.java:53)\n', '\tat org.junit.runners.ParentRunner$2.evaluate(ParentRunner.java:229)\n', '\tat org.junit.runners.ParentRunner.run(ParentRunner.java:309)\n', '\tat junit.framework.JUnit4TestAdapter.run(JUnit4TestAdapter.java:38)\n', '\tat org.apache.tools.ant.taskdefs.optional.junit.JUnitTestRunner.run(JUnitTestRunner.java:520)\n', '\tat org.apache.tools.ant.taskdefs.optional.junit.JUnitTask.executeInVM(JUnitTask.java:1484)\n', '\tat org.apache.tools.ant.taskdefs.optional.junit.JUnitTask.execute(JUnitTask.java:872)\n', '\tat org.apache.tools.ant.taskdefs.optional.junit.JUnitTask.executeOrQueue(JUnitTask.java:1972)\n', '\tat org.apache.tools.ant.taskdefs.optional.junit.JUnitTask.execute1(JUnitTask.java:824)\n', '\tat org.apache.tools.ant.taskdefs.optional.junit.JUnitTask.execute(JUnitTask.java:2277)\n', '\tat org.apache.tools.ant.UnknownElement.execute(UnknownElement.java:291)\n', '\tat sun.reflect.GeneratedMethodAccessor4.invoke(Unknown Source)\n', '\tat sun.reflect.DelegatingMethodAccessorImpl.invoke(DelegatingMethodAccessorImpl.java:43)\n', '\tat java.lang.reflect.Method.invoke(Method.java:498)\n', '\tat org.apache.tools.ant.dispatch.DispatchUtils.execute(DispatchUtils.java:106)\n', '\tat org.apache.tools.ant.Task.perform(Task.java:348)\n', '\tat org.apache.tools.ant.Target.execute(Target.java:392)\n', '\tat org.apache.tools.ant.Target.performTasks(Target.java:413)\n', '\tat org.apache.tools.ant.Project.executeSortedTargets(Project.java:1399)\n', '\tat org.apache.tools.ant.Project.executeTarget(Project.java:1368)\n', '\tat org.apache.tools.ant.helper.DefaultExecutor.executeTargets(DefaultExecutor.java:41)\n', '\tat org.apache.tools.ant.Project.executeTargets(Project.java:1251)\n', '\tat org.apache.tools.ant.Main.runBuild(Main.java:811)\n', '\tat org.apache.tools.ant.Main.startAnt(Main.java:217)\n', '\tat org.apache.tools.ant.launch.Launcher.run(Launcher.java:280)\n', '\tat org.apache.tools.ant.launch.Launcher.main(Launcher.java:109)\n'], []], 'testCaseContent': {0: ['    public void testMath789() {\n', '\n', '        final RealMatrix m1 = MatrixUtils.createRealMatrix(new double[][]{\n', '            {0.013445532, 0.010394690, 0.009881156, 0.010499559},\n', '            {0.010394690, 0.023006616, 0.008196856, 0.010732709},\n', '            {0.009881156, 0.008196856, 0.019023866, 0.009210099},\n', '            {0.010499559, 0.010732709, 0.009210099, 0.019107243}\n', '        });\n', '        RealMatrix root1 = new RectangularCholeskyDecomposition(m1, 1.0e-10).getRootMatrix();\n', '        RealMatrix rebuiltM1 = root1.multiply(root1.transpose());\n', '        Assert.assertEquals(0.0, m1.subtract(rebuiltM1).getNorm(), 1.0e-16);\n', '\n', '        final RealMatrix m2 = MatrixUtils.createRealMatrix(new double[][]{\n', '            {0.0, 0.0, 0.0, 0.0, 0.0},\n', '            {0.0, 0.013445532, 0.010394690, 0.009881156, 0.010499559},\n', '            {0.0, 0.010394690, 0.023006616, 0.008196856, 0.010732709},\n', '            {0.0, 0.009881156, 0.008196856, 0.019023866, 0.009210099},\n', '            {0.0, 0.010499559, 0.010732709, 0.009210099, 0.019107243}\n', '        });\n', '        RealMatrix root2 = new RectangularCholeskyDecomposition(m2, 1.0e-10).getRootMatrix();\n', '        RealMatrix rebuiltM2 = root2.multiply(root2.transpose());\n', '        Assert.assertEquals(0.0, m2.subtract(rebuiltM2).getNorm(), 1.0e-16);\n', '\n', '        final RealMatrix m3 = MatrixUtils.createRealMatrix(new double[][]{\n', '            {0.013445532, 0.010394690, 0.0, 0.009881156, 0.010499559},\n', '            {0.010394690, 0.023006616, 0.0, 0.008196856, 0.010732709},\n', '            {0.0, 0.0, 0.0, 0.0, 0.0},\n', '            {0.009881156, 0.008196856, 0.0, 0.019023866, 0.009210099},\n', '            {0.010499559, 0.010732709, 0.0, 0.009210099, 0.019107243}\n', '        });\n', '        RealMatrix root3 = new RectangularCholeskyDecomposition(m3, 1.0e-10).getRootMatrix();\n', '        RealMatrix rebuiltM3 = root3.multiply(root3.transpose());\n', '        Assert.assertEquals(0.0, m3.subtract(rebuiltM3).getNorm(), 1.0e-16);\n', '\n', '    }\n'], 1: ['    public void testFullRank() {\n', '\n', '        RealMatrix base = MatrixUtils.createRealMatrix(new double[][] {\n', '            { 0.1159548705,      0.,           0.,           0.      },\n', '            { 0.0896442724, 0.1223540781,      0.,           0.      },\n', '            { 0.0852155322, 4.558668e-3,  0.1083577299,      0.      },\n', '            { 0.0905486674, 0.0213768077, 0.0128878333, 0.1014155693 }\n', '        });\n', '\n', '        RealMatrix m = base.multiply(base.transpose());\n', '\n', '        RectangularCholeskyDecomposition d =\n', '                new RectangularCholeskyDecomposition(m, 1.0e-10);\n', '\n', '        RealMatrix root = d.getRootMatrix();\n', '        RealMatrix rebuiltM = root.multiply(root.transpose());\n', '        Assert.assertEquals(0.0, m.subtract(rebuiltM).getNorm(), 1.0e-15);\n', '\n', '        // the pivoted Cholesky decomposition is *not* unique. Here, the root is\n', '        // not equal to the original trianbular base matrix\n', '        Assert.assertTrue(root.subtract(base).getNorm() > 0.3);\n', '\n', '    }\n'], 2: ['    public void testSampleWithZeroCovariance() {\n', '        final double[][] covMatrix1 = new double[][]{\n', '                {0.013445532, 0.010394690, 0.009881156, 0.010499559},\n', '                {0.010394690, 0.023006616, 0.008196856, 0.010732709},\n', '                {0.009881156, 0.008196856, 0.019023866, 0.009210099},\n', '                {0.010499559, 0.010732709, 0.009210099, 0.019107243}\n', '        };\n', '        \n', '        final double[][] covMatrix2 = new double[][]{\n', '                {0.0, 0.0, 0.0, 0.0, 0.0},\n', '                {0.0, 0.013445532, 0.010394690, 0.009881156, 0.010499559},\n', '                {0.0, 0.010394690, 0.023006616, 0.008196856, 0.010732709},\n', '                {0.0, 0.009881156, 0.008196856, 0.019023866, 0.009210099},\n', '                {0.0, 0.010499559, 0.010732709, 0.009210099, 0.019107243}\n', '        };\n', '        \n', '        final double[][] covMatrix3 = new double[][]{\n', '                {0.013445532, 0.010394690, 0.0, 0.009881156, 0.010499559},\n', '                {0.010394690, 0.023006616, 0.0, 0.008196856, 0.010732709},\n', '                {0.0, 0.0, 0.0, 0.0, 0.0},\n', '                {0.009881156, 0.008196856, 0.0, 0.019023866, 0.009210099},\n', '                {0.010499559, 0.010732709, 0.0, 0.009210099, 0.019107243}\n', '        };\n', '        \n', '        testSampler(covMatrix1, 10000, 0.001);\n', '        testSampler(covMatrix2, 10000, 0.001);\n', '        testSampler(covMatrix3, 10000, 0.001);\n', '\n', '    }\n']}, 'testCaseLineNum': {0: [76, 77, 78, 79, 80, 81, 82, 83, 84, 85, 86, 87, 88, 89, 90, 91, 92, 93, 94, 95, 96, 97, 98, 99, 100, 101, 102, 103, 104, 105, 106, 107, 108, 109, 110], 1: [51, 52, 53, 54, 55, 56, 57, 58, 59, 60, 61, 62, 63, 64, 65, 66, 67, 68, 69, 70, 71, 72, 73], 2: [143, 144, 145, 146, 147, 148, 149, 150, 151, 152, 153, 154, 155, 156, 157, 158, 159, 160, 161, 162, 163, 164, 165, 166, 167, 168, 169, 170, 171]}, 'faultDir': 'src/main/java/org/apache/commons/math3/linear/RectangularCholeskyDecomposition'}]